01000100
10101010
10101010
10101010
10101010
01000100
00000000
00000000

01000100
10101100
10100100
10100100
10100100
01001110
00000000
00000000

01000100
10101010
10100010
10100100
10101000
01001110
00000000
00000000

01001100
10100010
10100100
10100010
10101010
01000100
00000000
00000000

01001010
10101010
10101010
10101110
10100010
01000010
00000000
00000000

01001110
10101000
10101100
10100010
10101010
01000100
00000000
00000000

01000110
10101000
10101100
10101010
10101010
01000100
00000000
00000000

01001110
10101010
10100010
10100100
10100100
01000100
00000000
00000000

01000100
10101010
10100100
10101010
10101010
01000100
00000000
00000000

01000100
10101010
10101010
10100110
10100010
01001100
00000000
00000000

01000100
10101010
10101010
10101110
10101010
01001010
00000000
00000000

01001100
10101010
10101100
10101010
10101010
01001100
00000000
00000000

01000100
10101010
10101000
10101000
10101010
01000100
00000000
00000000

01001100
10101010
10101010
10101010
10101010
01001100
00000000
00000000

01001110
10101000
10101100
10101000
10101000
01001110
00000000
00000000

01001110
10101000
10101100
10101000
10101000
01001000
00000000
00000000

01000100
11001010
01001010
01001010
01001010
11100100
00000000
00000000

01000100
11001100
01000100
01000100
01000100
11101110
00000000
00000000

01000100
11001010
01000010
01000100
01001000
11101110
00000000
00000000

01001100
11000010
01000100
01000010
01001010
11100100
00000000
00000000

01001010
11001010
01001010
01001110
01000010
11100010
00000000
00000000

01001110
11001000
01001100
01000010
01001010
11100100
00000000
00000000

01000110
11001000
01001100
01001010
01001010
11100100
00000000
00000000

01001110
11001010
01000010
01000100
01000100
11100100
00000000
00000000

01000100
11001010
01000100
01001010
01001010
11100100
00000000
00000000

01000100
11001010
01001010
01000110
01000010
11101100
00000000
00000000

01000100
11001010
01001010
01001110
01001010
11101010
00000000
00000000

01001100
11001010
01001100
01001010
01001010
11101100
00000000
00000000

01000100
11001010
01001000
01001000
01001010
11100100
00000000
00000000

01001100
11001010
01001010
01001010
01001010
11101100
00000000
00000000

01001110
11001000
01001100
01001000
01001000
11101110
00000000
00000000

01001110
11001000
01001100
01001000
01001000
11101000
00000000
00000000

00001000
00001000
00001000
00001000
00000000
00001000
00000000
00000000

00101000
00101000
00000000
00000000
00000000
00000000
00000000
00000000

00000000
00101000
01111100
00101000
01111100
00101000
00000000
00000000

00001000
00011110
00101000
00011100
00001010
00111100
00001000
00000000

01100000
10010100
01101000
00010110
00101001
00000110
00000000
00000000

00111000
01000000
01000000
00110010
01001100
00110010
00000000
00000000

00001000
00001000
00000000
00000000
00000000
00000000
00000000
00000000

00001000
00010000
00100000
00100000
00010000
00001000
00000000
00000000

00010000
00001000
00000100
00000100
00001000
00010000
00000000
00000000

00000000
00101010
00011100
00111110
00011100
00101010
00000000
00000000

00000000
00001000
00001000
00111110
00001000
00001000
00000000
00000000

00000000
00000000
00000000
00000000
00000000
00001000
00010000
00000000

00000000
00000000
00000000
00111100
00000000
00000000
00000000
00000000

00000000
00000000
00000000
00000000
00000000
00001000
00000000
00000000

00000010
00000100
00001000
00010000
00100000
01000000
00000000
00000000

00011000
00100100
01000010
01000010
00100100
00011000
00000000
00000000

00001000
00011000
00001000
00001000
00001000
00011100
00000000
00000000

00111100
01000010
00000100
00011000
00100000
01111110
00000000
00000000

00111100
01000010
00000100
00011000
01000010
00111100
00000000
00000000

00001000
00011000
00101000
01001000
01111100
00001000
00000000
00000000

01111110
01000000
01111100
00000010
01000010
00111100
00000000
00000000

00111100
01000000
01111100
01000010
01000010
00111100
00000000
00000000

01111110
00000100
00001000
00010000
00100000
01000000
00000000
00000000

00111100
01000010
00111100
01000010
01000010
00111100
00000000
00000000

00111100
01000010
01000010
00111110
00000010
00111100
00000000
00000000

00000000
00000000
00001000
00000000
00000000
00001000
00000000
00000000

00000000
00000000
00001000
00000000
00000000
00001000
00010000
00000000

00000000
00000110
00011000
01100000
00011000
00000110
00000000
00000000

00000000
00000000
01111110
00000000
01111110
00000000
00000000
00000000

00000000
01100000
00011000
00000110
00011000
01100000
00000000
00000000

00111000
01000100
00000100
00011000
00000000
00010000
00000000
00000000

00011100
00100010
01001110
01001010
00101110
00010000
00001110
00000000

00011000
00011000
00100100
00111100
01000010
01000010
00000000
00000000

01111000
01000100
01111000
01000100
01000100
01111000
00000000
00000000

00011100
00100010
01000000
01000000
00100010
00011100
00000000
00000000

01111000
01000100
01000100
01000100
01000100
01111000
00000000
00000000

01111100
01000000
01111000
01000000
01000000
01111100
00000000
00000000

01111100
01000000
01111000
01000000
01000000
01000000
00000000
00000000

00111000
01000100
10000000
10011100
01000100
00111000
00000000
00000000

01000010
01000010
01111110
01000010
01000010
01000010
00000000
00000000

00111110
00001000
00001000
00001000
00001000
00111110
00000000
00000000

00011100
00000100
00000100
00000100
01000100
00111000
00000000
00000000

01000100
01001000
01010000
01110000
01001000
01000100
00000000
00000000

01000000
01000000
01000000
01000000
01000000
01111110
00000000
00000000

01000001
01100011
01010101
01001001
01000001
01000001
00000000
00000000

01000010
01100010
01010010
01001010
01000110
01000010
00000000
00000000

00011100
00100010
00100010
00100010
00100010
00011100
00000000
00000000

01111000
01000100
01111000
01000000
01000000
01000000
00000000
00000000

00011100
00100010
00100010
00100010
00100010
00011100
00000010
00000000

01111000
01000100
01111000
01010000
01001000
01000100
00000000
00000000

00011100
00100010
00010000
00001100
00100010
00011100
00000000
00000000

01111111
00001000
00001000
00001000
00001000
00001000
00000000
00000000

01000010
01000010
01000010
01000010
01000010
00111100
00000000
00000000

10000001
01000010
01000010
00100100
00100100
00011000
00000000
00000000

10000010
10000010
10010010
10101010
11000110
10000010
00000000
00000000

01000010
00100100
00011000
00011000
00100100
01000010
00000000
00000000

10000010
01000100
00101000
00010000
00010000
00010000
00000000
00000000

01111110
00000100
00001000
00010000
00100000
01111110
00000000
00000000

00111000
00100000
00100000
00100000
00100000
00111000
00000000
00000000

01000000
00100000
00010000
00001000
00000100
00000010
00000000
00000000

00111000
00001000
00001000
00001000
00001000
00111000
00000000
00000000

00010000
00101000
00000000
00000000
00000000
00000000
00000000
00000000

00000000
00000000
00000000
00000000
00000000
01111110
00000000
00000000

00000000
00000000
00000000
00000000
00000000
00000000
00000000
00000000

00010000
00001000
00000000
00000000
00000000
00000000
00000000
00000000

00000000
00111100
00000010
00111110
01000110
00111010
00000000
00000000

01000000
01000000
01111100
01000010
01100010
01011100
00000000
00000000

00000000
00000000
00011100
00100000
00100000
00011100
00000000
00000000

00000010
00000010
00111110
01000010
01000110
00111010
00000000
00000000

00000000
00111100
01000010
01111110
01000000
00111100
00000000
00000000

00000000
00011000
00010000
00111000
00010000
00010000
00000000
00000000

00000000
00000000
00110100
01001100
01000100
00110100
00000100
00111000

00100000
00100000
00111000
00100100
00100100
00100100
00000000
00000000

00001000
00000000
00001000
00001000
00001000
00001000
00000000
00000000

00001000
00000000
00011000
00001000
00001000
00001000
00001000
01110000

00100000
00100000
00100100
00101000
00110000
00101100
00000000
00000000

00010000
00010000
00010000
00010000
00010000
00011000
00000000
00000000

00000000
00000000
01100110
01011010
01000010
01000010
00000000
00000000

00000000
00000000
00101110
00110010
00100010
00100010
00000000
00000000

00000000
00000000
00111100
01000010
01000010
00111100
00000000
00000000

00000000
00000000
01011100
01100010
01000010
01111100
01000000
01000000

00000000
00000000
00111010
01000110
01000010
00111110
00000010
00000010

00000000
00000000
00101100
00110010
00100000
00100000
00000000
00000000

00000000
00011100
00100000
00011000
00000100
00111000
00000000
00000000

00000000
00010000
00111100
00010000
00010000
00011000
00000000
00000000

00000000
00000000
00100010
00100010
00100110
00011010
00000000
00000000

00000000
00000000
01000010
01000010
00100100
00011000
00000000
00000000

00000000
00000000
10000001
10000001
01011010
01100110
00000000
00000000

00000000
00000000
01000010
00100100
00011000
01100110
00000000
00000000

00000000
00000000
01000010
00100010
00010100
00001000
00010000
01100000

00000000
00000000
00111100
00001000
00010000
00111100
00000000
00000000

00011100
00010000
00110000
00110000
00010000
00011100
00000000
00000000

00001000
00001000
00001000
00001000
00001000
00001000
00001000
00000000

00111000
00001000
00001100
00001100
00001000
00111000
00000000
00000000

00000000
00000000
00000000
00110010
01001100
00000000
00000000
00000000

11101110
10101000
00101100
01001000
01001000
01001000
00000000
00000000

01000100
10101010
01001010
10101010
10101010
01000100
00000000
00000000

01000100
10101100
01000100
10100100
10100100
01001110
00000000
00000000

01000100
10101010
01000010
10100100
10101000
01001110
00000000
00000000

01001100
10100010
01000100
10100010
10101010
01000100
00000000
00000000

01001010
10101010
01001010
10101110
10100010
01000010
00000000
00000000

01001110
10101000
01001100
10100010
10101010
01000100
00000000
00000000

01000110
10101000
01001100
10101010
10101010
01000100
00000000
00000000

01001110
10101010
01000010
10100100
10100100
01000100
00000000
00000000

01000100
10101010
01000100
10101010
10101010
01000100
00000000
00000000

01000100
10101010
01001010
10100110
10100010
01001100
00000000
00000000

01000100
10101010
01001010
10101110
10101010
01001010
00000000
00000000

01001100
10101010
01001100
10101010
10101010
01001100
00000000
00000000

01000100
10101010
01001000
10101000
10101010
01000100
00000000
00000000

01001100
10101010
01001010
10101010
10101010
01001100
00000000
00000000

01001110
10101000
01001100
10101000
10101000
01001110
00000000
00000000

01001110
10101000
01001100
10101000
10101000
01001000
00000000
00000000

01000100
10101010
10101010
01101010
00101010
11000100
00000000
00000000

01000100
10101100
10100100
01100100
00100100
11001110
00000000
00000000

01000100
10101010
10100010
01100100
00101000
11001110
00000000
00000000

01001100
10100010
10100100
01100010
00101010
11000100
00000000
00000000

01001010
10101010
10101010
01101110
00100010
11000010
00000000
00000000

01001110
10101000
10101100
01100010
00101010
11000100
00000000
00000000

01000110
10101000
10101100
01101010
00101010
11000100
00000000
00000000

01001110
10101010
10100010
01100100
00100100
11000100
00000000
00000000

01000100
10101010
10100100
01101010
00101010
11000100
00000000
00000000

01000100
10101010
10101010
01100110
00100010
11001100
00000000
00000000

01000100
10101010
10101010
01101110
00101010
11001010
00000000
00000000

01001100
10101010
10101100
01101010
00101010
11001100
00000000
00000000

01000100
10101010
10101000
01101000
00101010
11000100
00000000
00000000

01001100
10101010
10101010
01101010
00101010
11001100
00000000
00000000

01001110
10101000
10101100
01101000
00101000
11001110
00000000
00000000

01001110
10101000
10101100
01101000
00101000
11001000
00000000
00000000

01000100
10101010
10101010
11101010
10101010
10100100
00000000
00000000

01000100
10101100
10100100
11100100
10100100
10101110
00000000
00000000

01000100
10101010
10100010
11100100
10101000
10101110
00000000
00000000

01001100
10100010
10100100
11100010
10101010
10100100
00000000
00000000

01001010
10101010
10101010
11101110
10100010
10100010
00000000
00000000

01001110
10101000
10101100
11100010
10101010
10100100
00000000
00000000

01000110
10101000
10101100
11101010
10101010
10100100
00000000
00000000

01001110
10101010
10100010
11100100
10100100
10100100
00000000
00000000

01000100
10101010
10100100
11101010
10101010
10100100
00000000
00000000

01000100
10101010
10101010
11100110
10100010
10101100
00000000
00000000

01000100
10101010
10101010
11101110
10101010
10101010
00000000
00000000

01001100
10101010
10101100
11101010
10101010
10101100
00000000
00000000

01000100
10101010
10101000
11101000
10101010
10100100
00000000
00000000

01001100
10101010
10101010
11101010
10101010
10101100
00000000
00000000

01001110
10101000
10101100
11101000
10101000
10101110
00000000
00000000

01001110
10101000
10101100
11101000
10101000
10101000
00000000
00000000

11000100
10101010
11001010
10101010
10101010
11000100
00000000
00000000

11000100
10101100
11000100
10100100
10100100
11001110
00000000
00000000

11000100
10101010
11000010
10100100
10101000
11001110
00000000
00000000

11001100
10100010
11000100
10100010
10101010
11000100
00000000
00000000

11001010
10101010
11001010
10101110
10100010
11000010
00000000
00000000

11001110
10101000
11001100
10100010
10101010
11000100
00000000
00000000

11000110
10101000
11001100
10101010
10101010
11000100
00000000
00000000

11001110
10101010
11000010
10100100
10100100
11000100
00000000
00000000

11000100
10101010
11000100
10101010
10101010
11000100
00000000
00000000

11000100
10101010
11001010
10100110
10100010
11001100
00000000
00000000

11000100
10101010
11001010
10101110
10101010
11001010
00000000
00000000

11001100
10101010
11001100
10101010
10101010
11001100
00000000
00000000

11000100
10101010
11001000
10101000
10101010
11000100
00000000
00000000

11001100
10101010
11001010
10101010
10101010
11001100
00000000
00000000

11001110
10101000
11001100
10101000
10101000
11001110
00000000
00000000

11001110
10101000
11001100
10101000
10101000
11001000
00000000
00000000

01000100
10101010
10001010
10001010
10101010
01000100
00000000
00000000

01000100
10101100
10000100
10000100
10100100
01001110
00000000
00000000

01000100
10101010
10000010
10000100
10101000
01001110
00000000
00000000

01001100
10100010
10000100
10000010
10101010
01000100
00000000
00000000

01001010
10101010
10001010
10001110
10100010
01000010
00000000
00000000

01001110
10101000
10001100
10000010
10101010
01000100
00000000
00000000

01000110
10101000
10001100
10001010
10101010
01000100
00000000
00000000

01001110
10101010
10000010
10000100
10100100
01000100
00000000
00000000

01000100
10101010
10000100
10001010
10101010
01000100
00000000
00000000

01000100
10101010
10001010
10000110
10100010
01001100
00000000
00000000

01000100
10101010
10001010
10001110
10101010
01001010
00000000
00000000

01001100
10101010
10001100
10001010
10101010
01001100
00000000
00000000

01000100
10101010
10001000
10001000
10101010
01000100
00000000
00000000

01001100
10101010
10001010
10001010
10101010
01001100
00000000
00000000

01001110
10101000
10001100
10001000
10101000
01001110
00000000
00000000

01001110
10101000
10001100
10001000
10101000
01001000
00000000
00000000

11000100
10101010
10101010
10101010
10101010
11000100
00000000
00000000

11000100
10101100
10100100
10100100
10100100
11001110
00000000
00000000

11000100
10101010
10100010
10100100
10101000
11001110
00000000
00000000

11001100
10100010
10100100
10100010
10101010
11000100
00000000
00000000

11001010
10101010
10101010
10101110
10100010
11000010
00000000
00000000

11001110
10101000
10101100
10100010
10101010
11000100
00000000
00000000

11000110
10101000
10101100
10101010
10101010
11000100
00000000
00000000

11001110
10101010
10100010
10100100
10100100
11000100
00000000
00000000

11000100
10101010
10100100
10101010
10101010
11000100
00000000
00000000

11000100
10101010
10101010
10100110
10100010
11001100
00000000
00000000

11000100
10101010
10101010
10101110
10101010
11001010
00000000
00000000

11001100
10101010
10101100
10101010
10101010
11001100
00000000
00000000

11000100
10101010
10101000
10101000
10101010
11000100
00000000
00000000

11001100
10101010
10101010
10101010
10101010
11001100
00000000
00000000

11001110
10101000
10101100
10101000
10101000
11001110
00000000
00000000

11001110
10101000
10101100
10101000
10101000
11001000
00000000
00000000

11100100
10001010
11001010
10001010
10001010
11100100
00000000
00000000

11100100
10001100
11000100
10000100
10000100
11101110
00000000
00000000

11100100
10001010
11000010
10000100
10001000
11101110
00000000
00000000

11101100
10000010
11000100
10000010
10001010
11100100
00000000
00000000

11101010
10001010
11001010
10001110
10000010
11100010
00000000
00000000

11101110
10001000
11001100
10000010
10001010
11100100
00000000
00000000

11100110
10001000
11001100
10001010
10001010
11100100
00000000
00000000

11101110
10001010
11000010
10000100
10000100
11100100
00000000
00000000

11100100
10001010
11000100
10001010
10001010
11100100
00000000
00000000

11100100
10001010
11001010
10000110
10000010
11101100
00000000
00000000

11100100
10001010
11001010
10001110
10001010
11101010
00000000
00000000

11101100
10001010
11001100
10001010
10001010
11101100
00000000
00000000

11100100
10001010
11001000
10001000
10001010
11100100
00000000
00000000

11101100
10001010
11001010
10001010
10001010
11101100
00000000
00000000

11101110
10001000
11001100
10001000
10001000
11101110
00000000
00000000

11101110
10001000
11001100
10001000
10001000
11101000
00000000
00000000

11100100
10001010
11001010
10001010
10001010
10000100
00000000
00000000

11100100
10001100
11000100
10000100
10000100
10001110
00000000
00000000

11100100
10001010
11000010
10000100
10001000
10001110
00000000
00000000

11101100
10000010
11000100
10000010
10001010
10000100
00000000
00000000

11101010
10001010
11001010
10001110
10000010
10000010
00000000
00000000

11101110
10001000
11001100
10000010
10001010
10000100
00000000
00000000

11100110
10001000
11001100
10001010
10001010
10000100
00000000
00000000

11101110
10001010
11000010
10000100
10000100
10000100
00000000
00000000

11100100
10001010
11000100
10001010
10001010
10000100
00000000
00000000

11100100
10001010
11001010
10000110
10000010
10001100
00000000
00000000

11100100
10001010
11001010
10001110
10001010
10001010
00000000
00000000

11101100
10001010
11001100
10001010
10001010
10001100
00000000
00000000

11100100
10001010
11001000
10001000
10001010
10000100
00000000
00000000

11101100
10001010
11001010
10001010
10001010
10001100
00000000
00000000

11101110
10001000
11001100
10001000
10001000
10001110
00000000
00000000

11101110
10001000
11001100
10001000
10001000
10001000
00000000
00000000

